aipp_op{
    aipp_mode:static
    input_format : RGB888_U8

    src_image_size_w : 224
    src_image_size_h : 224

    crop: false

    min_chn_0 : 123.25239296
    min_chn_1 : 117.20384
    min_chn_2 : 104.50194688
    var_reci_chn_0: 0.0145414015152615
    var_reci_chn_1: 0.0149491443980385
    var_reci_chn_2: 0.014164518585317
}